4515176107	
4518406602	
4520292443	
4517572691	
4515968907	
4526746599	
4530578288	这个配置请继续拍下去，期待第二季
4516225580	立意是好的，拍的是一般的，不是悬疑剧
4525154226	
4543516682	这种题材的片子要播放给初中高中的学生和家长看
4524307956	这剧不大爆是内娱的耻辱
4529015318	题材好，不过讲故事的方式陈旧。社会意义大于质量本身。
4531705841	父权制婚姻恶果，从子女层面表现“父源性伤害”。如果没有婚姻制度，女人在充分了解生育、养育的风险成本后，根据自己的能力和意愿决定是否要孩子。如果要孩子，就挑选优质精子自己生，冠母姓，不制造父亲和丈夫。那么剧中的绝大部分罪恶根本就无从滋生。
4525887499	特别特别好的一部剧。太喜欢任姐的演技了，真的很生活流的那种演技，全员没有演技拉垮的。24集讲了好几个案子，检察官的日常特别搞笑，和案件交叉，中间又交代了检察官自己的故事。聚焦未成年人相关的案件，却没有把镜头对准受害人，伤害画面几乎没有。另外夸赞一下不愧是几乎全女的编剧。
4516917924	故意渲染气氛，25年还拍出这种剧真是悲哀。这种剧还不如虚构的一些网剧。
4524939733	
4519406231	在国产剧领域内，这种聚焦未成年人犯罪的题材很稀缺，本来很难得，但剧情展开后越来越奇怪。把主视角放在了检察官身上，要么是悲情化处理，要么是喜剧化处理（注水严重），导致对未成年人犯罪形态、根源的挖掘不够深入。而在这种粗浅的立意下，人物塑造与冲突设置就变得非常刻意：牛逼哄哄的施害者、撒泼的受害者家属，凡事都要阻挠的傅检察长……做成以未成年人犯罪为核心的悬疑剧，都比现在这个样子强得多。
4515170319	
4524333883	
4526204520	翻拍自真实案件的冲击力令我彻夜难眠，但我又为这种题材能拍出来而感到庆幸。悬浮不悬浮的不重要，现实里那些发不出声的孩子，总得有人替他们说话。
4515167924	
4519346791	
4524939139	
4522285830	
4518608240	
4531283068	
4534153366	
4521839108	
4565095766	
4527990382	
4515125364	第一集结尾拍照的那个人应该是个女孩吧？这是在给下个案件埋伏笔吗？可是片尾又是去的少管所啊，是要讲这三个少年的事吗？男女主的线什么时候合啊？
4540053331	比底线略逊两筹
4570391911	
4528884623	
4489010432	
4515604209	
4518795565	
4564217804	国版少年法庭风格鲜明，但还是没有偷国拍得有力量起情绪。看了前两集，观感太平了一般没有入戏，任素汐口齿不清应该换宋佳或袁泉来，猪脚人物背景老喜欢上价值，因为我经历过所以我能代表正义，没点遭遇当不了好检察官？这还不如侯亮平那种背景好还正义的形象呢。小碗蒋毅喜剧演员看着很出戏，角色在剧里和各自现在的喜剧风格一样没有反差。男主大学康复医学的专业考法学进了所里，又讨关系进总局，作为看守所里的教书先生，但人情世故不熟练，厅前送礼、审讯插嘴，角色立不住。演员不搭，导演一般，剧情不好吃，故事立意高，但表达水平和做工待优化。既想表现林的人物形象又想讲好未成年犯罪案件，结果都很模板化，观众看不到想看的东西
4517792343	
4515213772	后面逐渐狗血到崩溃，弃剧了。
4520771052	一集弃。
4525807632	
4515277300	不太行
4526897926	
4526316002	浮于表面…
4411195742	
4420484685	
4515985066	看完第一集不想看下去了
4313594413	上代演员们在学校时候天性解放的最好，上能接正剧，下能托漫改，多么了不起呀。
4418439048	
4428563626	
4440220353	
4411458058	
4422022238	
4418579828	前三集还能看，四五集开始剧情变烂，难以置信地差，四星怒改两星，想弃剧。第六集也难看，质疑编剧是否摆烂。宝儿姐可爱，但戏份太少，这两集没有镜头。
4291318742	
4417482088	地方话实在很奇怪，弃了
4420998139	宝儿姐这一季更猛了，上能工厂外狂扔炁拦截毒虫，下能在村里当劁猪匠，主打就是全能
4296441237	
4422808725	
4417551594	
3979880641	
4441530355	
4460219566	文琪好看
4442357074	
4485506906	
4427530626	
4510670901	
4439403864	二壮破天好帅啊
4424888806	
4499805416	
4419741395	
4424656945	太磨叽了……
4425342581	
4417117578	选角、形象、动作和特效都不错，尤其是陈朵和肖自在。诸葛青换人很不习惯，上一部的比较贴角色。E1毒素的特效棒。肖自在的眼神和笑太像了。E3黑管的造型也很贴。异人Disco逗。E4乱金柝还原度高。E5内景PK很还原。E7诸葛青演绎略僵硬。E8从如花基站到破“楚门的世界”的改动。E9有点硬还原了。E10大战。球儿变身帅的。E12陈朵的选择。最后走的那一路还是会触动。E13马仙洪为棋子，曲彤心计不明。二十四节谷记忆碎片及开端。
4422123500	
4428108877	
4500287932	
4417520429	
4423839511	
4420456461	
4429088241	
4420997721	
4421194429	
4247384866	
4083481149	
4421398397	
3997875078	
4075570868	
4447741806	
4425949285	一开始觉得特效和感觉都不错，还比较期待；情节发展越发离谱，每个人都像傻子一样，长着一张成熟的脸说着特别幼稚没有逻辑的话；人物动机很混乱，人物招数很随机（想来什么就是什么，完全没有框架和边界），这个主线非常杂乱，到底是要抓女孩还是要灭村子（女孩也不难抓，村子里面大多都是好人，如果是灭村，那么就把重点放在这个上面，然后在设计一些厉害的反派角色以及幕后大boss和阴谋），就感觉非常莫名其妙；剧情毁一切的感觉，越到后面连快进都觉得无聊
4429113951	
4441674365	
4449396215	
4450926418	
4524527764	
4445630241	
4421019399	
4457281965	
4457732991	
4455789396	
4452399182	
4421346730	
4456593637	
4492622081	
4457818006	
4420950949	
4428921145	
4485434741	
4422586606	
4449418629	算是还可以吧！
4422017474	
4450046138	
4454658608	能明显感到最开始没要拍第二部，第二部逻辑有点崩，越往后越水，赵本山演的也越来越随性，两人区分都不大了。
4503534208	
4478520214	
4421813468	
4425603066	
4459210801	
4464024456	
4447383719	还是有很多俗套和槽点的，但是不管咋地，比乡村爱情强多了，主要是没有那么多限制了，古装戏可以开发的桥段大大增加了。
4462565003	
4486660648	
4468315501	最后一集打斗值两星
4423167995	
4431282781	
4450747686	
4479989595	下饭剧还可以，但真不至于这么高的分，剧情发展全靠降智，像是给成人看的熊出没。
4455565855	第一部就意思不大，这部更尬
4439396096	好像不如第一部啊
4422688235	俗气的好看，就是一集有点短，老年人的爱恨情仇
4448020907	前面铺了很多线索，故弄玄虚，但最后几集仓促收尾，悬念和人物结局处理不清，缺乏明确交代；喜剧效果不如第一部，大量融入网络热梗和社会热点，导致审美疲劳。
4423498055	这第二季相比第一季差太多，第一季可以反复不快进重看，第二季没有一集能不快进看完。
4421737367	
4423315534	第一季看着新鲜好玩搞笑，这一季更多是凑数无聊
4431571612	以为是用经典的犀利讽刺现代的困局，结果是用经典的糟粕接纳现代的困局，本山大爷也是老了啊
4426305302	
4446501187	比第一季差了两颗星
4135009428	没有上一部好看了
4427342421	看了几集，索然无味
4446504639	
4452762735	
4436874102	
4436751434	
4430506065	
4425786854	
4446207380	
4464662801	
4451444836	
4433326799	看了一集看不下去了
4459286879	
4502440505	
4501443594	
4503638490	
4498571010	比棋士好看多了，今年唯一一部剧情逻辑演技都在线的悬疑
4494312286	
4507181554	好看的。
4496318478	
4493198361	很慢，很无聊
4496508877	
4501635652	
4501886053	
4568285260	在荒漠里活下来的人，谁手上不沾点沙子？
4392550329	缩短到6集就好了，本来还不错的剧本，非得搞得这么墨迹
4515655139	立意蛮好的，但是到后面人物逻辑有点混乱，叙事也有点冗长，悬疑感拍着拍着渐渐消失了。
4504120209	能看但有bug且憋屈的很。
4517886567	四集的故事挤出12集，悬疑剧里动不动mv回忆，都不知道是哪学的臭毛病
4507348914	最后三集很难看，女警根本没有存在必要。王良的恶在于威逼了刘三成，强奸了刘盈盈，他的母亲被拐卖强奸生下他，他又强奸刘盈盈生下多多，重复他父辈的罪孽，果然男性是无法共情母亲的。而刘三成的坏，就更毋庸置疑了，最坏的就是他。刘大福的坏在于自私。刘氏父子罪孽深重，罪该万死。程春的悲剧在于，她明明可以独活，却因为被男权洗脑，以为自己只能依靠男人而活。刘盈盈的悲剧在于，觉醒太晚，就算她被骗回去怀孕，王良都放她回学校了，她完全可以打掉孩子重新开始，但她心软，放弃自己，包括生完孩子，王良放她走，也是她自己不走，刘三成完全管不了她，是她自以为的亲情束缚住了她，她有很多次逃跑的机会，断绝联系，但她自愿留了下来。不要同情男人，不要给男人花钱，一切有解。最后，为什么不是刘盈盈刀了王良？不要臆想女人爱上强奸犯的戏码。
4509218052	整体是不错的，但那个王良的角色太劝退了，咋选的角啊......还有就是警察的线和罪犯们的线完全不兼容，以至于我都怀疑这些人要做职业杀手了，就这么几个人物在眼前晃悠，直到该杀的都杀光了警察才破案。
4503867918	开头第一集没有很吸引我。中间看的很爽，彩云——聊姐！真正的姐。爱自己才不会死，爱谁都得死。但低走了。结局看不懂。凶手的逻辑真的非常矛盾。还有那个女警察不知道为啥一直自以为是高高在上。段奕宏同情王良就算了，女警听完也一脸嫌弃的看凶手，不明白，你的共理心呢？最后还上了个价值，【还是有人想回来的。】悬疑剧给我搞这些。张佳宁的演技我get到了。
4506852471	
4524345652	
4536744095	最后两集泄了气了，草草埋了几个人头。沙漠的恶之花开遍，又找到一个和东北一样合适的地域，贫穷伤害最深的是儿童和女人。刘三成这对人渣父子绝了。少年王良的漫画头型太出戏了，孙彩云装死的绝活一流。
4490389967	
4492865468	知音体文学感很重，但林林总总的县城元素反而让剧集的可信度上升。绿帽梗、出轨人妻形象、情窦初开的少年等桥段无一不在擦边，原来悬疑剧又派生出了“伦理悬疑”这一种类。视觉小说的段落有点尬，观感上很夹生。《沙尘暴》和《风中的火焰》像又不太像，没有风火的情绪足，但优于风火的地方在于很有自知之明，花12集来讲一个案子确实没啥野心。
4244403729	三集弃
4506190020	
4311020299	
4496112531	
4451682774	
4451066844	其实还不错
4501844791	
4492070369	
4452927241	
4450525315	
4456874559	
4458624580	
4461091479	直球出击的老宋还是没能得到满意的答案，但只要他为这份心动勇敢过了，我相信他就没有遗憾
4463463259	翟潇闻现挂能力一流。宋丛像种马，朋友圈美女挨个霍霍
4453637703	
4520202893	宋丛的感悟（剧版）相对更普世：接受自己是平凡而普通的。
4498284668	杨肸子可太好看了
4458676849	
4554224015	就冲着大结局，直接封顶我的青春剧Top！群像封神！
4541079944	剧情有点俗套，偶有跳戏不太真实，大量的感情线不如人物的成长线精彩，星星点点的描摹仿佛没有做好铺垫。
4469716098	一部好的青春群像剧，要么能让观众回想起自己的青春，要么能让观众愿意相信剧里那样的青春存在。
4450402519	剧情紧凑不拖沓，滤镜也刚刚好，很吃景栖迟这样阳光快乐小狗的人设，翟潇闻演得很灵动，和女主也满搭的。
4549168934	越是珍贵的东西，越无法通过努力得到。长大就是接受自己的平凡和普通。结尾的每个人说的话都好实在。男主表演很有分寸，比如年三十男主去买烟花女主找不到男主的那场戏，控制得恰到好处，包括语调和音量。生活中没有那么多崩溃大哭，也没有那么多的拥抱，更常见的是男主那种处理方式。主题曲唱得很好听。女主越看越像新垣结衣，偶尔有几个镜头怼脸拍挺惊艳。男女主非常门当户对，要放现实里也一定会幸福。这剧有点日剧味，尤其是女主和祁琪分开后利用课间去找她关于计算时间的独白。好多男女主走路的镜头光影、虚实处理得很赞，比如吃完红丝绒蛋糕后在家附近散步那场。校服袖口纹路很好看。男二故事线符合逻辑。
4470111584	虽然过程中有些拖沓，可最后的升华还是打到我的心葩上，一把年纪了还是相信走自己的路，接受不完美这些说辞。非常好的青春片，没有狗血的撕逼、怀孕，有的是每个人成长中可能遇到的困惑，最好的还是没有那种死乞白赖要坚持的理想主义，回归平凡，认清现实。导演也好厉害，年轻人调教的都很好，演得都好自然
4457747520	能解开很难的奥数题，却对暗恋的陈欢尔无解，学霸也解不开感情的难题，我又双叒叕磕到了！
4470474524	
4483408673	
4460190382	越来越嗑欢尔和杜漫了，两个人都是很好的女孩子，真心换真心的情谊羡慕住了
4477984962	在彼此遇到困难时的相互鼓励与支持，让人感受到了友情的温暖与珍贵，成功呈现出一种真实而温暖的青春气息，让人感受到青春的活力与激情，以及面对梦想、爱情、亲情时的迷茫与坚定，共同经历着青春的喜怒哀乐，一起成长，一起蜕变。
4454235278	
4465628959	好看很温暖
4456563251	
4460981345	
4491671809	
4077115518	台词旁白写的真不错，后面泪点多
4536145225	
4450980587	编剧脑子有大病
4565446192	
4458973534	
4493378971	女主好可爱
4466524166	
4200808803	
4450792526	很不幸嗑的是女主男二😭含泪弃剧
4462104362	
4465484430	女主很可爱，很适合这种阳光型女孩。男主出乎我的意料，他居然演技很不错，而且镜头没拍到他，他也会做出反应。男二演技很差，人设很好，这种人设，但凡演技好点，他就爆了。女二很漂亮，目前人设也不错，听说后面人物OOC了，编剧十六集以后功底不行。但这种群像剧已经是内娱很不错的存在了
4512556992	回看二十年前的湾湾偶像剧都比这有意思，拍不出感觉
4474293552	演技太尬了
4456560021	
4458992371	
4453071950	
4513613727	
4456063548	
4451244847	
4452215418	我十分确定我就是李漠的受众
4464957981	
4459020483	
4453533696	
4459263617	一年一部李漠，一部邵艺辉，有种被好好安慰的感觉
4464553549	所有参与创作这部戏的人 你们会有福报的
4480517889	一般般。
4457592935	
4453320634	
4452457873	没想到这么好，看得又哭又笑
4486633783	
4453500015	虽然有些情节设置挺狗血的，也不是很喜欢看顾云苏和徐医生的感情戏，但整部剧让我觉得还是好舒服，编剧台词写的轻巧动人，选角适配度高，镜头和剪辑也充分流畅的讲好了一个故事
4456607128	
4468958121	
4469290443	不懂处于什么原因才写弟弟喜欢姐姐的情节
4447041395	剪辑混乱，过去与现在两条线穿插导致观感割裂，节奏处理不佳，浪费了优秀的演员班底。
4460974720	
4482272340	叙事有melo体质内味，永远会为周姐的都市剧买单
4460670377	
4361836493	
4456978580	李言这个角色由何洛洛饰演，是个爱干饭的大直男，用一本正经的语言说出最搞笑的话，表演很有喜感，给人带来很多快乐。
4463512608	
4467331833	
4465566780	
4462909628	
4456240118	
4463517284	完完全全利好女主本子
4463133171	看完了以后更爱我妈妈了。
4456621741	代际母女关系 不同时期女性困境 女性意识
4463089811	每次看见顾云苏和李言满屏都是小屁孩的情窦初开感，李言稳稳的姐控无疑了
4453286017	
4507934633	
4464761654	
4450285910	
4489420865	三点五星，还是不错的
4515050221	
4461459981	刘畅在真相之后又来偷偷撩拨我心弦，表现出角色情感的细腻和张力
4455175754	
4462863190	
4489908796	
4454562198	
4473869804	一个简单的疗愈故事
4351101926	
4466294436	
4453255551	
4462970992	
4406699402	
4472243175	
4460282777	
4453458873	
4406709425	
4413954330	一口气追平15集觉得挺好看的，希望能保持
4416268577	
4406862456	
4406717785	太好看了，目前还没有快进过
4421112085	对所谓“恶毒”女二的惩罚设定为无法生育，反映出价值观问题；另外，所有人的台词都很差，不建议使用原声。
4415445915	
4421594602	太好看了停不下来
4406951260	还是白露和代露娃好看
4415323462	
4414926996	
4408958669	
4414469330	
4410236045	五娘身在泥泞却不会拉牡丹共沉沦，牡丹自救还会变卖所有财物给五娘赎身，自己淋着雨还愿意为人撑伞，体现出角色之间的温暖与善意。
4408586344	就非得凑四个男的同时喜欢她吗…
4420588432	这个剧情真的…
4409262271	
4416804339	两个人最好的地方应该是平常心吧，都挺通透的，比起五年前更像是适龄男女在谈婚论嫁，没那么容易付出真心了。
4408000935	
4406847089	
4420293193	
4422099316	
4413265460	张雅钦的定妆照展现出雍容大气、仪态端方的气质，具有睥睨天下的傲气、风华绝代的英气和百折不回的意气，让人相信她能演好《大唐辟珠记》中的李宝珠。相比贾静雯的柔美有余而刚强不足，张雅钦更具刚强气质，一个动作就能深入人心。
4421393083	
4417605957	
4410907199	张雅钦好看。
4412975912	主要是《九重紫》珠玉在前，这部就很难评价了
4422665329	
4464082361	
4451104788	
4423179984	
4423129190	
4423001228	女主的妈让人窒息
4513888128	
4433242836	
4427046134	陈秀娥承包了我的笑点，为了竞选拿第一拼尽全力，结果最后喜提货不对板的旅游，笑亖
4545628644	
4536747960	
4539867603	
4422964187	
4434173375	
4536552810	
4510670498	
4438504577	
4427673299	
4435972385	感觉卡门这个角色就像我高中时期会交的那种朋友，热心、有趣，看上去很内向，但却是朋友间最会攒局的那个，跟她出去玩都不会感到无聊
4278036959	
4458263607	
4422708704	
4429616530	最喜欢毛头爸爸张启明
4423378810	
4443292219	
4459755584	
4423386464	
4496525245	
4446174253	
4442704962	
4486763282	不好看，也不难看
4437799291	
4534716447	
4567233925	
4426383479	
4505698578	
4441859421	
4568700405	
4429558323	
4449258734	一般，很一般。
4566297111	
4444038857	
4548867475	
4487042752	
3975051219	能看出在年代感上下了功夫，时代符号准确，且体现了精神面貌和时代风气。几位长辈演员的表演为剧集奠定基调，杨昆饰演的外婆、性格各异的妈妈们表现出色，杨皓宇和喻恩泰的表演也很精准。李昀锐将肖涵这一角色在青春期的自尊、矛盾、别扭、对家境的敏感以及些许阴郁处理得非常到位，尤其与妈妈的戏份情感真挚，展现出角色既想成长又仍稚嫩的复杂心理。涵末夜色中的交心戏情感细腻，令人动容。几位姑娘之间的关系处理自然，成长与迷茫徐徐展开，整体表演和剧情在经历波动后回归水准。
4568523100	
4422250004	
4432284616	不好看
4557083224	
4448703246	
3130502073	
4423031618	
4421610132	终于等到续集了，这三个家伙凑到一起可太有意思了。
4446380413	
4441890038	
4424484397	
4458238778	
4422888456	
4434079750	
4434365423	
4425254457	这真是我万万没想到能这么好看的剧
4468607552	
4447790309	
4452095647	
4436553959	三大叔拍得真的太好看了
4424039457	
4421987088	
3756966656	
4472787403	
4427241552	
4449968975	吃饭神剧
4465542066	撑到第二集，没撑下去
4448967730	编剧功力颇深，中老年男性想要讨喜很难写。“老三位”、楚政委、郭局的性格弱点都用适时的插科打诨化解。
4449777600	很无聊
4449023452	
4449358048	
3858158419	
4434916753	
4444039469	
4443322585	
4428969007	
4505152607	
4517189666	
4507916115	
4505127826	难看
4505138687	
4520190605	
4510441651	
4514450191	最好磕的地方就是，宣夜醒来看到中刀的半夏，还好好的站在那，眼里是止不住的欣喜。哪怕她依旧不记得自己🥹
4505136711	
4549126370	终于get到任嘉伦的帅了
4518005916	
4514282317	
4541835376	最终还是意难平
4547644979	
4505177734	
4526173249	
3564897020	
4505142568	
4507135339	
4519500510	
4514622087	
4519298378	
4516028787	
4514133149	救命！好难看。
4515715891	
4505143945	
4505783286	实在看不下去。
4521146306	
4490361010	
4517128683	最后三集宛如吃了巧克力脆皮的💩
4489723272	要是《解密》后半段找王宝强来演估计还能救一救。
4489742013	以为是中国绝命毒师，结果是辛爽模仿大赛
4489714535	一念天才，一念疯子，人性对弈，覆水难收。
4506139408	
4504749859	
4493495590	
4489835634	
4510238421	
4493107538	
4488001423	
4489953575	
4518335927	阿弟死的太惨了
4503116952	
4490314563	
4508990166	结局太赞
4492732228	
4505365806	值得看。
4491321402	
4538866819	还是不错的
4502567529	宝强始终还是为了孩子才抢钱，老白可是为自己
4490003347	
4529476765	
4492023959	
4508982652	非常好的下饭剧！
4515446171	
4491679959	
4491061091	
4491404670	就没那个脑子写好悬疑剧
4514785449	
4414761790	
4413396534	观众其实真的不挑，对于好剧只是来欣赏，绝不吝啬好评
4413418751	感觉像在看故事会，有种街头巷尾吃完饭聚在一起聊八卦的感觉
4475331772	
4491610303	
4494259092	现在已经看不了谈恋爱里夹着破案了
4431344514	纯贾宝玉式男主蛮难得的，也算认真在做作品，台词写得也挺好，但确实少了一点hook，人物和案子都少了一点魅力
4413499721	前期探案有点像“三言二拍”，故事不悬疑，展现明末的世情，后面主线有点无聊，但很喜欢这部戏呈现的古早古装剧的质感，也很喜欢跟现在古偶不一样的男主形象。最后十分钟男女主的对手戏最好看，可惜太短了。
4460547993	男主是个大少爷没见过风雨，被坑被骗还恋爱脑，太喜欢男主这个设定了。不论发生什么男主都铁了心跟着女主，踹也踹不走，翟子路把三少爷齐梦麟演得很到位，有演技的帅哥，内娱有盼头。
4416030589	OST最喜欢《明月》这支主题曲，好好听！这剧就适合下雪天大家围炉煮茶烤橘子时候看啊！关于案件的镜头悬疑氛围营造的很好。‘那命运的判官笔，改不了我坚定’是对女主性格的写照。
4415091720	这剧几乎所有出场人物的人设都让人感到糟心，观感很不舒服。
4424039189	破案算是比较连贯自洽，而且终于是男主胡搅蛮缠，但很多冲突和惊险过于刻意，硬要创造条件吃苦，人设工具感属性较强。最后贪官在没有物证的情况下被女儿说服自首了，跟清明上河图密码贪官因为杀了女儿良心不安最后自爆一样轻松。单纯爱情内容来说，挺带感的，女主一路碰到青梅竹马、灵魂知己、欢喜冤家，最后跟欢喜冤家在一起。变态青梅竹马一直让她在青楼是为了磨她性子好让她以后乖乖嫁给自己。演刘婉我觉得很漂亮，演技挺好的也自然，金描翠也很好。
4524530654	
4422468977	服化道很优秀，很有生活质感，感觉美术有参考当时的山西建筑。
4443137532	
4414885150	这节奏可以啊，案件编的也比较严谨且有意义，值得追
4430293836	
4492879712	
4439394000	支线案件全部很好很棒！女主和各单元女主都坚强有力！尤其喜欢为姐鸣冤的酒坊小姐，各个故事有各个故事的意义，但最后十几集太恶心了，前期十颗星，后十集蠢到要死负十星，真诚建议只看到表姐案完结。
4424135885	这剧的气息真是梦回青春，我又喜欢上狗了。
4451712047	
4540489689	
4414003792	这齐梦麟就这么爱吃大饼吗，在饼摊吃了那么多还不够，罗疏还跟在屁股后面抱了几十张，那画面简直是太抽象了，而且莫名好笑；我跳一波预言家，这俩人后面肯定有戏嘿。
4419379279	
4541394454	
4418068838	古代女子生存不易，被条条框框束缚，愚昧无知，还挺感慨的。
4496734936	每个角色都很丰满，以为是坏人的人却是不折不扣的好人，最可惜的是二哥死了
4438628444	感情戏有点牵强，几对cp都是。主角破案情节憋屈，节奏令人烦躁。故事讲清楚了，但整体无亮点，只能算是中等水平。
4428775924	剧本粗糙寡淡，男女主表演没有古韵，县尊县丞的演员表演更好。说明了剧情拉胯的情况下是可以靠主演的表演救起来的，但是配角再出彩也很难留住观众。
4436082324	男女主演技差，破案逻辑不如《御赐小仵作》
4446234962	开年小惊喜吧，可圈可点~
4450854156	
4506569606	男主齐梦麟令人反感，打着亲爹旗号招摇撞骗、挥霍无度，胸无点墨且偏听偏信，缺乏闪光点，不配做男主；秦熠病态占有欲强，行为极端，对罗疏的控制并非真爱；罗疏独立自主，能自己查案，不依附他人，勇于为女子鸣不平，展现女性力量；剧中通过香堂案、女子被谣言害死案、矿山案、马夫被杀案、军粮案等案件反映社会问题。
4423948446	爱情好伟大哦。
4453398073	仵作这模样放在东厂可以做个大头目了。齐梦麟颜值担当，仵作气质当担，陈县丞智力当担。主角团太弱，大反派太强，看到32集真是气到心梗，你两条小船碰上官方大船是怎么想到硬冲的？齐二不容易啊~藏了一手却漏了一嘴，整天想的东西果然很容易说漏嘴
4494958519	案子都不是难案，人物都还算鲜明，可以看看。同样也是因为都不是难案，整体没那么吸引人。
4422392269	
4414061967	
4461134321	
4515124729	好难看……
4416212016	
3303963476	质量不太行
4414277862	
4530703774	
3434635550	
4534579649	怎么又是一部虐女剧.....编剧以前的作品也没这样啊
4536731645	
4552952239	
4531057606	
4544367785	杨凯之这片落叶，最后亲吻了他热爱的这片土地
3767753142	
3864728581	
4541303417	
3573960114	
4553208635	菽红太棒了！
2574072312	
2157889880	
4531080348	
4531415787	长剧太需要一场这样的荣光之战了，不白等，都不白等。
3228876495	
4549688303	
4534716106	
3426442689	
4545288474	
4041192910	
3657859293	男主非要用强奸的方式去留下与女主的情感纠葛，确实没必要吧，且与他的个性没有太多关照，即便每个人都是不完美的，但多少有跳戏的感觉
4537798682	真的是一部不错的片子
4540925887	
4531676436	
3426659226	还是《天行健》好看
4538577571	
4543700167	
4537574118	
4530996925	
4536435713	剧情超无聊
4533882491	清朝政府虽然最后还是多重作用下玩完了。但也没有那么昏庸那么差劲，有的人还挺发愤图强的，也在努力学习先进理念、军事、技术、思想等等。但是已经来不及了，而且那些清朝宗室子弟活的太好了都太怕死了。
4532060757	
4538430155	
4476992142	
4537963582	
4548574907	
4464130422	檀健次果然好帅
4481937215	
4485538606	檀多多的眼睛好深情啊。
4467444605	
4476126098	
4478273704	
4486583414	
4460577289	
4462418489	
4492975103	
4476951091	
4460574547	
4453445379	这部剧的精彩程度不亚于22年开端带给我的震撼，但实在不想看两位主演谈恋爱。
4515274957	期待太高
4483783080	
4460625483	
4468095745	
4475467021	
4462445219	
4468608159	
4472444026	
4463824147	
4487162897	女主放弃滤镜的原因好假，嘴上说着因为要做回真实的自己实际还是因为隐身的副作用罢了，靠着滤镜变身苏渺获得工作，变身方瑾解决姐姐的官司，变身明星解决工作上的问题，这些好处是一点不提，29集已经摘掉滤镜了还能啰嗦三集，国产剧节奏总是奇奇怪怪的
4465178356	
4536832147	
4536915955	
4558972130	我越看越想笑，看到最后甚至都产生：哈那考古的意义是什么呢？的虚无感了。
4309280781	还不错。7分
4538155395	好看
4538519219	除了墓内感觉缺乏，其他不错，心中四星，比隔壁巨热播那个剧情演技好多了，我上五星，就像姜文说的“你行你上”
4488313777	
4537034840	一眼认出我是刑警里的富大龙，又来上山下乡了
4538926550	
4536665599	
4540069029	
4536814897	
4539195000	
4538870673	央妈的审美没毛病！针不戳！
4538930253	多一些这种剧吧
4538692020	
4550160588	居然不错哎
4564053596	
4556455122	
4562452505	
4550041962	
4558275495	五颗星给穆师和小光，两颗给“伟光正”的太太们。
4536627960	
4537358646	不太感冒。
4568141075	
4537331305	
4557932354	
4556398954	考古烂线，硬结负分！
4546342193	
4556543092	白宇帆的表演令人不满，认为他不适合继续演戏。
4537811698	
4538880258	
4539811979	
4556938734	
4571275527	
4557248118	烂
4463669681	廖知白是全剧最有魅力的男人。
4552358610	一个一辈子都没干出点苗头的市所勘查员，怕被女朋友比下去每次都往村里跑，女的每次往村里追，放着劳动成果晋升都不要，这种剧情设定显得很不真实，让人感到恐怖，比文物流失海外再让贩子买回充好人都离谱。
4540918245	
4461378882	那句“谁都有资格说我，唯独你没有”让我竟无法反驳
4454205255	哪怕立场相悖也不影响哥哥支持弟弟follow his heart，这才是亲兄弟啊。
4484988159	
4462042251	真没想到在一部悬疑剧里能哭得稀里哗啦，以身赴死的廖知白，搬运哥哥尸体的思远，亲手解剖爱人的戚夏......泪点再高也顶不住这么虐心的剧情啊
4441941699	
4441819804	没什么意思。
4481147842	
4445109756	
4447116505	
4569698067	
4445720273	
4443675399	
4449147571	
4519128560	
4441838690	
4443320477	
4444370298	
4454196780	
4464784684	美华姐作为大boos反而一点反抗狡辩都没有就承认投降，让人觉得很怪。纳威被演员替代，孩子成为惹祸精、负担。盖德侵害多人并杀了缇依，缇依妈妈用死来为女儿找真相惩凶手。廖知白十年以来躲藏隐姓埋名，廖思远分裂出另一个哥哥人格保护自己，帮助自己查案。开始的女同学扯出骗女生代孕机构和偷拍给金主产业链，两个花季少女因为要钱男友和为友报仇，深陷绝境。后来的婚纱案是女孩身份互换，互相保护，也被曾经的同事敲诈勒索，警察也被抓住把柄操控删除了监控。廖思白用自己的命来对抗名单里的人，制造舆论不让他们搭救纳威。片中女孩的友情都很真挚，女孩们互相帮助，申冤复仇替罪查案。
4480220990	
4451874841	
4444961452	
4452047814	
4466268827	
4451211296	
4450033971	
4479970933	
4444953886	烂的没话说
4540810928	
4441778484	子奇这两年悬疑类真的没少拍
4468729513	
4460087410	
4437605321	看了两集嗅到了烂片的气息
4447925924	
4461815473	
4459044207	
4454606160	
4541640479	就不该相信xz会有演技一说
4550411937	
4553698903	
4546542995	创造了最短看不下去的剧了。。。
4450239086	
4550429709	
4551300479	
4539206419	肖战的表演非常出色，眼神戏极具感染力。
4541694471	
4539470770	
4540286495	我觉得剧情处理可以像潜伏那样，不显摆但是看完确实佩服余则成，也觉得孙红雷顺眼很多。男主真的纯笨……破绽和把柄太多了，正常人那个伤疤除不掉你就弄个更大的盖住也行啊，不理解。八公子的妆造怪怪的。公主洗澡喊男的进来看还顺带调戏纯情男主，这种剧情完全是男性视角写出来的暧昧戏。庄和太监也太容易被挑拨了，大家的智商都去哪儿了？皇帝居然允许郡主弄个啥楼赚钱还很有势力，这不符合质子的设定。
4018082840	
4039372570	
4540243336	
4537914221	
4560499878	
4380680798	
4550854192	肖战古装剧看着很帅气啊
4364216332	
4448469283	上周觉得很难看，看了两集打了1星，这一周已经追平到18集磕生磕死，我脸真疼。
4448056551	
4441889072	男主表演风格偏女性化，女主也缺乏角色魅力，两人互动显得不协调，像是在演对食，影响观感。
4268798961	
4442192909	
4451204789	
4451273313	苏易水好像一只灵动的小猫咪，可以挠下巴可以蹭额头，表现出角色的可爱与亲昵感。
4440554598	
4441338694	
4449643643	强制收徒的设定让人联想到沐清歌的收徒方式，体现出师徒传承的相似性，对角色关系的构建有一定深意。
4462186148	
4441170994	
4471332811	
4526866363	
4460228655	
4473596890	
4454037224	为了涂山璟和叶十七，希望演员以后多接几个温柔角色吧！
4446266793	
4525044155	
4525234762	下饭可看
4481034183	男主长得真好看
4464169199	
4460255863	
4448381756	
4441758288	
4484962750	
4468562114	
4540457670	
4468188155	接受不了男男cp，接受不了西八演技，接受不了戏精编剧，接受不了魔改小说，老鹿还是回古偶里多演天下第一美女吧。
4540440570	
4540340267	烂剧
4540464415	
4470964875	我妈说中央一套的电视剧吵的不行
4489402503	前六集美强飒仙师逗引美强惨小可怜和“平庸”蠢嘴硬傲娇魏纠追妻火葬场很有趣，剧情复杂一波三折，男女主谈恋爱谈了三遍，审美疲劳；对女主演技和选角有质疑，认为存在空降现象，对整容女和丑男配角不满。
4161872890	长大后的演员也很适配
4467726479	
4479697079	
4469037313	真的很磕他们这种友情
4469330638	
4468985138	我们都很喜欢这种年代剧，夏凤华和我发小简直一个样。
4477315451	挺不错
4471971161	作为80后，看这部剧倍感亲切，人生如风雨，唯有彼此依靠，六个家庭相聚花街小院，共同度过这段时光，风风雨雨一起走过。
4470398280	
4491713937	
4484635473	
4495523401	
4487266378	小朋友的戲份再多點就好了
4469013322	
4480130923	
4480407298	太急，太刻意了，有点累
4502859947	
4487603209	有点用力过猛的“真实感”，像是前些年各地文旅为了吸引游客到处修建的古镇，刻意仿古的景致里满是大同小异的夜市小吃，好像古风得很真实又能清晰得感觉到一切不过是现代商业拙劣的模仿……
4490436844	
4468851187	马思艺和老一辈演员剧情挺好看太虐，截至20集毕业后彻底崩了，花街的历史是看点
4474058728	更新太慢
4499064924	有点墨迹
4498849082	第几次尝试看白鹿的剧，真看不下去
3693096267	
4468905144	
4507691932	
4489522742	比想象中好一些
3805872540	后半段不行
4491971692	
4494069037	
4485587185	挺有意思的
4482594096	
4485534927	
4491182733	
4483789266	这都是咋想出来的情节？？？
4485896627	
4485606957	
4485763899	
4485535103	
4496424555	
4483778098	
4485129911	王小枪李唐宇宙再下一城！！这次是04年的荔城，火车站反扒系列，末了还翻个枪花，搞个雌雄大盗想抢车厢，还打算第二季。
4491922200	佛爷绝！
4485619826	
4487261994	怀疑佛爷出现得太及时，像是设计好的计谋，为了拉小莲入伙，反映出剧情在人物动机和布局上的巧妙安排。
4533617325	郭京飞、秦岚、祖峰三人对决
4486789523	
4498594723	
4497877806	很香港的一部片子，有着香港导演的特点，娱乐性丰富，充斥冲突，矛盾，反转，但是逻辑却很不自洽，太多巧合，太多BUG，剧情上细细考究较不得真。群像还是很优秀的，各式小人物互相穿插，性格毫不雷同，放到一半了还在不断加入新角色，编剧胆子很大，很有想法，喜剧元素很好的中和了过于文艺的装逼感。
4485877838	
4491007005	
4492885610	
4484770149	黄雀一上来就这么猛啊，直接眼角膜给盗了，但这个眼镜医生也不是什么好人，也是活该
4499811690	
4536696373	最后咱红旗哥是非死不可吗……
4504196289	
4483753823	
4490931750	黎小莲算是团伙里的最强大脑，远程遥控，一切都在算计之内
4499140866	值得看。
4497383605	
4487057579	
4486842563	
4484808635	不适合看这类多路小人物生活片
4538928185	王浩信挺好笑的
4523540411	
4484087926	
4495013721	
4506154895	
4484277554	烂
4500774933	不太合理。
4504840904	
4518351114	观众的审美起来了，创作者开始变得莫名其妙了。
4492947963	
4533781867	开头挺好的，质感也挺好，就是越到后面剧情越离谱，剧情也乱，回忆也不是让你每次当开头用的啊
4506180677	郭京飞在的剧会花很多戏份来营造他的主角光环让我觉得很腻。
4490296641	全是炫技整活
4488160278	开头乱七八糟，拍得不太好，又装又做作，好好讲故事很难吗？
4526137257	好无聊
4493360240	平庸且无惊喜，剧情拖沓注水严重。2025年还在用十年前的拍摄手法逻辑，悬疑破案剧就一定要加上人物成长曲线家庭伦理关系，不然就不会拍，这部剧缩减成一部电影足够了，竟然能拍24集，最后一伙偷东西的去抢劫警车。
4502612949	太慢，太装
4483760034	太假了
4484322695	剧情乱七八糟，莫名其妙，全贯穿全剧的偷眼角膜案子完全不知道有什么用，一个贯穿全剧的案子断断续续的，整个剧24集，但时间线只有7天，啰啰嗦嗦交代那么多背景不知道有什么用，还有最后为什么去偷这个奖杯完全没有道理。
4489542146	
4436446342	
4401665285	
4401831666	
4422783225	
4458322656	
4401128472	
3958547818	
4570700134	
4404788446	开头还行，后面看不下去了。
4416199708	本来以为至少能嗑，结果怎么又是一个双箭头以后我大叫你们在干什么啊快分开啊啊啊啊啊啊的工业糖精剧
4401315786	
4403977645	
4472227089	
4403176487	
4404890388	
4406813390	暮悬铃这个强心脏能不能借我用两天啊
4404192912	
4460329437	可看
4407733802	
4426392900	
4473423970	
4405720793	悬铃真的是撩的人不要不要的。
4455014103	男帅女美。
4421991050	
4424890987	三星给张彬彬，没了，一个字都懒得评。
4402355887	
4527375860	
3574876792	
4428944656	
4401087505	
4557822087	
4447946364	也看不下去
4411966654	导演拍得挺好，特别有一种看动漫的观感，演员也挺帅挺漂亮，但剧情太慢了，太一般，有点拖沓。
4406608805	
4414068080	
4404303130	人设不错，但是没拍起来，故事线也不够
4456453709	
4424927059	
4489969169	
4419259152	又是换乘，甚至烂都烂得没有新意
4402783902	劣质古偶。
4428406097	
4424881427	
4207952898	
4448456954	
4425870433	爽剧果然爽，真爽
4435353367	
4426551218	
4450967991	
4446734128	
4424770631	最后一个案子属实没有必要，奇怪的结局
4450585757	
4449892635	还可以
4444466841	就喜欢那种无所畏惧 只为问题找解决方案的人
4446896388	最后4集中罗英子的角色表现显得过于圣母、白莲花，让人觉得不合理；律所对海外资金流向缺乏人脉调查的情节设置显得不合逻辑，整体观感上觉得剧情不需要动脑子。
4518397649	
4423147278	
4457892265	
4563456140	陈硕真是好有魅力
4425257453	
4491498145	
4433491155	
4454510087	上半年最佳。
4448301742	
4447341571	
4477802028	好看耶
4446684327	
4448113881	
4309930780	看了第一部觉得不错，关注了第二部，因为时间间隔有些长，以为对第二部不会太感冒，谁知看了两集又找到感觉了，一路追过来
4470330293	
4429766213	
4552750046	
4446990806	其实很多地方都可以结束，可是这样结束不是拿个石头锤自己的脚吗？
4448695353	
4495767404	热依扎王阳的搞笑律师职业剧
4430553000	
4487280797	
4462369935	
4466921507	
4448248716	
